1 1 1 1 0 0 1 0 1 0 0 0 1 1 1 0 0 0 0 1 2 0 0 1 0 0 0 1 1 0 2 0 0 1 0 1 1 1 1 0 2 0 1 1 1 1 0 1 1 1 2 0 0 0 0 1 1 1 0 1 2 1 0 1 1 0 1 1 0 1 2 0 1 1 1 1 1 0 1 1 2 0 1 0 1 0 0 0 1 1 2 1 1 0 1 1 0 0 1 1
0 0 0 1 0 0 1 1 0 0 1 1 0 0 1 1 0 0 1 1 2 0 1 1 0 0 0 0 1 0 2 1 0 1 0 1 1 1 1 1 2 0 1 1 1 0 0 0 0 0 2 1 1 1 0 1 0 1 1 0 2 1 0 1 0 1 0 1 0 0 2 0 1 1 0 1 1 1 1 1 2 1 1 0 1 0 1 0 1 1 2 1 0 1 0 0 1 1 1 1
1 0 1 1 1 1 0 1 1 0 0 1 1 0 0 1 1 0 1 1 2 1 1 1 1 1 1 0 1 1 2 1 1 1 0 1 1 0 0 1 2 0 1 0 1 1 0 0 1 1 2 0 1 1 1 0 1 1 1 0 2 0 1 1 0 1 0 0 1 1 2 1 0 1 1 1 1 1 0 1 2 0 1 1 0 0 1 1 0 0 2 1 1 0 1 1 1 1 1 1
1 0 1 0 0 1 1 0 1 0 1 0 1 0 1 0 1 0 0 1 2 1 0 0 1 0 1 1 1 0 2 1 0 1 1 1 1 0 0 0 2 0 1 1 1 0 0 0 0 1 2 1 1 0 0 1 1 1 0 0 2 0 1 0 1 0 0 1 0 1 2 1 0 1 1 1 0 0 1 0 2 0 0 1 0 0 0 0 1 0 2 0 1 0 0 1 1 0 0 1
0 0 1 0 0 1 0 0 1 0 0 0 0 0 0 0 1 0 0 1 2 0 1 0 1 0 1 0 0 0 2 0 0 1 1 1 0 1 1 1 2 0 0 0 1 0 1 1 0 1 2 0 1 1 1 0 1 1 1 1 2 1 1 1 1 1 1 0 0 0 2 0 0 1 0 1 0 1 0 1 2 0 0 1 0 0 1 1 0 1 2 1 0 1 0 0 1 0 0 0
0 1 0 1 1 0 0 1 0 1 1 1 0 1 1 0 1 1 1 0 2 1 1 1 1 0 0 1 0 1 2 1 1 1 1 1 0 1 1 1 2 0 1 1 1 1 1 1 1 1 2 0 0 1 0 1 1 0 1 1 2 0 1 0 1 0 1 1 1 1 2 0 0 0 0 0 1 0 0 1 2 1 0 0 0 1 1 0 0 1 2 0 1 1 1 0 0 1 0 1
1 0 0 0 1 1 0 0 0 1 1 1 0 1 0 0 0 0 1 0 2 0 0 0 1 0 0 1 0 0 2 0 0 0 0 0 1 1 0 1 2 0 1 0 1 0 1 1 1 1 2 1 1 0 0 1 0 0 1 0 2 1 0 0 0 0 1 1 1 1 2 0 0 0 0 0 0 1 1 1 2 0 0 1 0 0 1 0 1 0 2 1 1 0 1 1 0 1 1 0
1 1 0 1 0 1 1 0 1 0 1 0 0 1 0 0 1 0 1 1 2 0 0 1 0 1 0 0 0 1 2 0 0 0 0 1 1 1 1 1 2 1 1 0 0 1 1 1 0 1 2 0 0 0 1 0 1 1 0 0 2 1 0 1 0 0 0 0 1 0 2 1 1 0 0 0 0 0 1 1 2 1 1 1 1 1 1 1 0 0 2 1 0 1 1 1 0 1 1 0
0 1 0 0 0 0 0 0 0 0 0 0 1 1 1 0 0 1 1 1 2 0 0 1 1 0 0 0 1 0 2 1 1 1 1 1 0 0 1 0 2 1 1 0 1 1 1 1 0 1 2 0 1 1 0 1 1 0 0 0 2 1 0 0 0 1 0 1 0 1 2 0 0 0 0 1 0 0 0 0 2 0 1 1 1 0 0 0 1 1 2 1 0 1 0 0 1 0 0 0
0 1 0 0 1 1 1 1 1 1 1 1 0 0 0 0 0 0 0 1 2 0 0 0 0 1 1 0 1 0 2 0 1 0 1 0 0 0 1 1 2 0 0 1 0 1 1 1 1 1 2 0 1 1 0 0 1 1 1 0 2 1 0 1 1 0 1 0 0 0 2 0 0 0 0 0 1 1 1 1 2 1 1 0 1 1 1 1 0 1 2 0 1 0 1 0 1 1 0 0
1 0 0 0 0 1 0 0 1 1 17 0 1 0 1 0 0 1 0 1 2 0 0 1 1 1 1 0 0 0 2 1 0 1 1 0 1 0 0 1 2 1 1 1 1 1 1 0 0 1 2 0 1 0 0 0 0 1 0 1 2 0 0 0 0 0 1 0 1 1 2 0 1 1 1 0 1 1 1 0 2 1 0 1 0 1 1 1 0 1 2 0 0 1 0 0 0 0 1 0
0 1 0 1 0 1 0 0 0 1 0 0 0 0 1 0 0 0 1 0 2 0 1 1 0 0 1 1 1 0 2 1 1 1 1 1 0 0 1 0 2 0 0 0 1 1 1 1 0 0 2 0 1 1 1 1 1 1 0 0 2 1 0 0 1 1 0 0 1 0 2 1 0 1 0 1 1 0 0 0 2 1 0 1 0 1 1 1 1 1 2 1 0 0 1 0 0 0 0 0
0 0 0 1 0 1 1 0 0 1 0 1 1 0 0 0 1 1 0 1 2 1 0 1 1 1 1 0 1 0 2 0 0 1 0 0 1 0 0 0 2 0 1 0 0 1 1 0 0 0 2 1 0 1 1 0 1 0 0 1 2 0 1 1 1 0 1 1 0 1 2 0 0 1 1 1 1 1 0 1 2 1 1 0 0 1 1 0 0 1 2 0 1 0 1 0 1 1 0 0
0 0 1 1 0 1 1 0 0 0 1 1 0 1 1 0 1 0 1 1 2 0 1 0 1 1 0 1 1 1 2 1 0 1 0 1 1 0 1 1 2 1 1 0 0 0 0 1 1 1 2 1 1 1 1 0 0 1 0 1 2 0 0 1 1 0 0 0 1 0 2 1 1 0 1 0 1 0 1 1 2 0 1 1 1 0 1 1 0 1 2 0 1 0 1 0 0 0 1 0
1 1 0 0 1 0 1 0 0 0 1 0 0 1 1 0 1 0 1 1 2 1 0 0 1 0 1 1 0 0 2 0 1 1 0 0 1 0 0 1 2 0 1 0 0 1 1 1 1 0 2 0 1 1 0 1 0 1 1 0 2 0 0 1 0 0 1 1 0 1 2 1 1 0 0 1 1 0 1 0 2 0 1 0 0 0 1 1 0 0 2 1 1 1 1 0 1 1 0 0
0 1 1 0 1 1 1 1 0 1 1 0 0 1 1 0 1 1 1 1 2 0 0 0 1 0 0 0 1 0 2 0 0 1 1 1 0 0 0 0 2 0 1 1 1 1 0 1 0 1 2 0 0 0 0 1 1 0 0 1 2 0 0 1 0 1 0 0 0 0 2 0 1 0 0 0 0 1 0 0 2 0 1 1 0 0 1 0 0 1 2 1 1 1 0 1 1 0 0 0
1 0 1 0 1 1 0 1 0 0 1 0 0 0 1 1 1 0 0 0 2 0 1 1 0 0 0 0 1 1 2 1 1 1 0 0 0 0 0 0 2 1 1 1 0 1 0 1 0 1 2 0 1 0 0 0 0 1 0 0 2 0 1 1 0 1 0 0 0 0 2 0 1 1 0 0 0 1 1 1 2 1 1 0 1 0 1 1 1 1 2 0 0 0 0 0 1 1 1 1
1 0 0 1 0 1 1 0 0 1 1 1 1 0 0 0 0 1 0 1 2 1 0 0 0 1 1 0 0 0 2 0 0 1 1 1 1 1 0 0 2 1 0 0 1 0 1 1 0 0 2 1 1 0 0 1 1 1 1 0 2 0 0 0 1 1 1 0 0 0 2 1 0 1 1 0 0 0 0 0 2 1 1 0 0 1 0 1 1 1 2 0 0 0 1 0 1 1 0 0
1 1 1 0 0 1 1 1 0 1 1 1 1 1 0 0 1 0 0 0 2 0 0 1 0 1 1 0 0 1 2 0 1 0 1 1 0 1 1 1 2 1 1 0 0 0 1 0 1 1 2 1 1 0 1 0 0 0 1 0 2 1 1 1 1 0 0 0 0 0 2 0 1 1 1 0 1 0 0 0 2 0 1 0 0 1 1 0 0 1 2 0 0 0 1 0 1 0 1 1
1 1 0 1 0 1 0 1 0 1 1 1 1 0 0 1 0 1 0 1 2 0 1 0 0 1 0 0 1 1 2 1 0 0 0 1 0 0 1 0 2 0 0 1 1 0 1 1 1 1 2 1 0 1 1 0 0 1 0 0 2 1 1 1 0 1 0 0 0 1 2 0 1 0 0 1 0 1 1 0 2 0 1 1 1 0 1 0 0 0 2 0 0 0 1 0 0 0 1 0
2 2 2 2 2 2 2 2 2 2 2 2 2 2 2 2 2 2 2 2 2 2 2 2 2 2 2 2 2 2 2 2 0 0 0 2 2 2 2 2 2 2 2 2 2 2 2 2 2 2 2 2 2 2 2 2 2 2 2 2 2 2 2 2 2 2 2 2 2 2 2 2 2 2 2 2 2 2 2 2 2 2 2 2 2 2 2 2 2 2 2 2 2 2 2 2 2 2 2 2
0 0 0 1 1 1 0 0 0 1 0 1 1 0 0 0 0 1 1 0 2 1 1 0 1 0 0 0 0 0 2 0 0 0 0 0 0 1 0 1 2 1 0 1 1 0 0 1 0 1 2 1 0 1 0 1 1 0 1 1 2 1 1 1 1 0 1 0 0 1 2 0 1 1 1 0 0 1 0 0 2 0 0 0 0 1 0 1 0 1 2 1 1 0 0 0 0 0 1 1
0 1 1 1 0 0 1 1 1 1 0 0 0 1 1 1 1 0 0 1 2 1 0 1 0 0 1 0 1 1 2 1 0 1 1 0 0 0 1 1 2 1 0 1 0 0 1 1 0 1 2 0 0 1 1 0 0 1 0 0 2 1 0 1 1 1 1 0 1 0 2 1 1 1 1 0 1 0 1 1 2 1 1 1 1 0 1 0 0 0 2 0 0 0 0 0 0 1 0 0
0 0 0 0 0 1 1 1 1 1 1 0 1 1 0 1 1 1 1 1 2 0 0 1 0 1 1 0 0 1 2 0 0 1 1 1 1 1 1 1 2 0 0 1 1 1 1 1 0 1 2 1 0 0 0 1 1 1 1 1 2 0 1 0 0 0 1 0 0 1 2 0 1 0 0 1 1 0 0 0 2 0 1 1 1 1 1 0 1 0 2 0 1 1 1 1 0 1 1 1
1 1 1 0 0 1 0 0 0 1 0 0 0 0 0 0 1 1 0 0 2 0 1 0 1 0 1 1 0 0 2 0 0 1 0 0 1 0 0 1 2 1 0 0 1 1 1 1 0 1 2 0 0 0 0 1 0 1 0 1 2 0 1 1 0 0 0 0 1 0 2 0 0 0 0 0 1 0 1 1 2 0 0 1 0 1 1 0 0 0 2 0 1 1 1 0 1 0 1 1
0 1 0 1 1 0 1 0 0 0 0 1 1 0 0 1 0 1 0 0 2 0 1 1 1 0 0 0 1 1 2 1 1 1 1 1 0 1 1 1 2 1 1 0 0 0 1 0 0 0 2 1 0 0 1 1 0 1 0 0 2 1 1 1 1 1 1 0 0 0 2 0 1 0 1 0 1 1 1 1 2 1 1 0 0 0 1 0 0 0 2 1 0 1 0 0 1 0 1 0
0 0 1 1 1 1 0 1 0 0 0 1 1 0 1 1 1 1 0 1 2 1 1 1 0 1 0 0 1 1 2 0 0 1 0 0 0 0 1 0 2 0 0 1 1 1 0 1 1 1 2 1 1 1 0 1 1 0 0 0 2 0 1 0 0 0 1 0 0 1 2 0 0 0 0 1 1 0 1 1 2 1 1 1 1 0 0 0 1 0 2 1 0 1 0 0 0 1 0 1
0 0 0 1 1 1 0 0 0 1 0 0 0 0 1 1 0 0 0 1 2 1 0 1 0 1 0 1 0 0 2 0 0 1 0 1 0 0 1 0 2 0 1 1 0 0 0 1 1 1 2 0 0 0 0 0 1 1 0 1 2 0 1 1 0 0 0 0 1 0 2 0 1 1 1 1 1 1 1 0 2 1 0 1 0 1 1 0 1 1 2 1 0 1 1 0 0 0 0 1
1 1 0 1 0 1 0 1 0 0 1 1 0 1 1 0 0 0 1 1 2 1 0 0 0 1 1 1 1 0 2 0 0 1 1 1 1 1 1 0 2 1 0 0 1 0 1 1 1 0 2 0 1 1 1 0 0 0 1 0 2 1 1 0 1 1 0 0 1 0 2 1 0 0 0 1 0 0 0 0 2 0 1 0 1 1 1 1 1 1 2 0 0 0 0 1 1 1 0 0
0 0 1 0 0 0 1 1 0 0 1 1 1 0 1 0 0 1 0 1 2 0 1 1 0 1 0 0 0 0 2 0 1 1 1 0 0 1 0 1 2 0 1 1 0 1 1 0 0 1 2 0 1 0 1 0 1 1 1 1 2 0 0 1 1 0 1 0 0 1 2 1 1 0 0 0 0 0 0 0 2 0 0 0 0 1 1 0 0 1 2 1 1 0 1 0 1 1 1 1
2 2 2 2 2 2 2 2 2 2 2 2 2 2 2 2 2 2 2 2 2 2 2 2 2 2 2 2 2 2 2 2 2 2 2 2 2 2 2 2 2 2 2 2 2 2 2 0 0 0 16 0 0 0 2 2 2 2 2 2 2 2 2 2 2 2 2 2 2 2 2 2 2 2 2 2 0 0 0 0 0 0 0 2 2 2 2 2 2 2 2 2 2 2 2 2 2 2 2 2
1 1 0 1 0 1 0 1 1 0 1 1 1 1 0 0 0 0 0 1 2 1 1 1 0 0 0 0 1 1 2 0 0 1 0 1 0 0 1 1 2 0 1 1 1 1 0 0 0 0 0 0 0 0 1 1 0 1 0 0 2 1 1 0 0 0 0 1 0 1 2 0 1 1 0 0 0 0 0 0 0 0 0 0 0 1 0 1 1 0 2 0 0 0 1 1 0 1 1 1
0 1 0 1 1 0 1 1 1 1 1 0 1 0 0 0 0 0 1 0 2 1 1 0 0 1 1 1 1 1 2 0 0 0 1 1 0 1 1 1 2 1 1 0 1 0 1 0 0 0 0 0 0 0 0 0 1 1 0 0 2 0 0 0 0 0 0 0 0 1 2 1 1 1 0 1 0 0 0 0 0 0 0 0 1 1 0 0 0 0 2 0 1 1 0 0 0 0 0 0
0 1 0 1 0 0 1 1 0 1 1 0 1 0 1 1 1 1 0 1 2 0 0 1 1 1 1 1 0 1 2 1 1 1 0 0 1 0 0 0 2 1 0 1 1 1 0 0 0 0 0 0 0 0 1 0 1 0 1 0 2 1 1 1 0 1 0 1 0 1 2 0 0 0 1 0 0 0 0 0 0 0 0 0 1 1 1 1 1 1 2 0 1 0 1 0 1 1 1 0
0 1 0 1 0 0 1 1 1 0 0 0 0 0 0 0 0 1 1 1 2 0 1 1 0 1 0 0 1 1 2 1 0 0 0 1 1 1 1 0 2 1 1 0 0 1 0 0 0 0 0 0 0 0 1 0 1 0 0 0 2 1 0 1 1 0 1 1 1 1 2 0 0 0 1 1 0 0 0 0 0 0 0 0 1 1 0 0 0 1 2 1 0 1 1 1 0 0 0 1
1 0 0 1 1 0 0 1 1 0 0 1 0 0 0 1 0 0 0 1 2 1 0 1 0 1 0 1 1 1 2 0 3 4 5 1 1 1 1 0 2 1 1 0 0 1 0 0 0 0 0 0 0 0 0 0 1 1 0 1 2 1 1 1 1 1 1 1 1 0 2 1 0 0 0 0 0 0 0 0 0 0 0 1 0 1 1 0 1 0 2 1 0 1 0 0 0 1 0 1
0 1 1 0 1 1 1 0 1 1 1 0 0 1 0 0 0 0 0 0 2 0 1 1 0 1 0 1 1 0 2 1 13 15 14 1 1 0 1 1 2 1 1 1 1 0 0 0 0 0 0 0 0 0 1 0 0 0 0 0 2 1 1 0 0 1 1 1 0 1 2 0 1 0 0 0 0 0 0 0 0 0 0 0 0 1 0 1 1 1 2 1 1 0 1 1 0 1 1 1
0 1 0 0 0 1 1 1 1 0 0 1 0 0 1 1 1 0 0 1 2 1 1 0 1 0 1 1 1 1 2 1 0 1 13 15 14 1 1 1 2 1 0 1 0 1 0 0 0 1 2 1 0 1 0 1 1 1 1 0 2 1 1 0 0 0 1 1 0 0 2 0 1 0 0 0 1 0 0 0 2 1 1 1 0 1 1 0 1 1 2 1 0 1 0 1 1 0 1 0
1 1 0 1 1 1 1 1 1 0 1 1 0 1 0 0 0 1 0 0 2 1 0 1 0 0 1 0 0 0 2 0 1 0 1 1 13 15 14 1 2 1 0 0 0 0 1 0 1 0 2 0 0 0 0 0 1 1 1 1 2 0 0 1 1 1 0 1 1 1 2 0 0 0 1 0 1 1 0 0 2 1 1 1 0 0 1 1 1 1 2 1 1 1 1 1 0 1 1 0
0 0 1 1 0 0 0 0 0 1 0 0 0 1 1 1 0 0 1 1 2 1 1 0 0 0 1 0 0 0 2 1 0 1 0 0 1 0 13 15 14 1 0 0 0 0 0 0 1 1 2 1 0 0 0 1 0 1 0 0 2 1 1 1 1 0 0 0 1 0 2 0 0 1 1 0 1 0 0 0 2 0 0 1 0 0 1 1 1 1 2 0 1 0 0 0 1 0 1 1
2 2 2 2 2 2 2 2 2 2 2 2 2 2 2 2 2 2 2 2 2 2 2 2 2 2 2 2 2 2 2 2 2 2 2 2 2 2 2 2 13 15 14 2 2 2 2 2 2 2 2 2 2 2 2 2 2 2 2 2 2 2 2 2 2 2 2 2 2 2 2 2 2 2 2 2 2 2 2 2 2 2 2 2 2 2 2 2 2 2 2 2 2 2 2 2 2 2 2 2
0 0 0 0 1 0 0 0 0 1 1 0 1 1 0 0 1 1 1 1 2 0 1 0 0 0 0 1 0 1 2 0 1 0 0 1 1 0 1 1 2 1 13 9 0 1 0 1 0 0 2 0 0 1 0 0 1 0 1 0 2 0 0 1 1 1 0 1 1 1 2 1 1 1 1 1 0 0 1 1 2 1 0 0 0 0 0 0 0 0 2 1 1 1 1 1 1 0 0 0
0 1 1 1 0 1 1 0 1 0 0 1 1 1 1 0 0 1 1 0 2 0 1 0 1 1 1 1 0 1 2 1 0 0 0 1 0 0 0 1 2 1 0 13 15 14 1 1 1 1 2 1 1 0 1 0 1 1 0 1 2 1 1 1 1 1 1 1 0 1 2 1 1 0 1 1 0 1 1 0 2 1 1 1 1 0 0 1 1 1 2 1 0 0 1 1 1 0 0 1
0 1 0 0 1 0 0 0 0 0 0 1 1 1 0 1 1 0 1 1 2 1 1 0 1 0 1 0 1 1 2 1 1 1 1 0 0 1 0 0 2 1 1 0 1 13 15 14 1 1 2 1 0 1 0 0 0 0 1 0 2 0 1 0 1 1 1 0 1 1 2 0 1 1 1 1 1 0 1 0 2 0 0 1 1 1 1 0 1 0 2 0 0 1 0 0 0 1 0 1
0 0 0 1 1 1 1 0 1 1 0 1 1 0 1 1 1 0 1 0 2 1 1 0 0 0 1 1 1 0 2 0 1 1 1 1 0 1 1 1 2 0 1 0 1 1 0 13 9 1 2 1 1 0 1 1 0 0 1 1 2 0 0 0 0 1 1 0 1 0 2 1 0 0 1 0 0 0 0 1 2 1 1 1 1 1 1 1 0 0 2 1 0 0 0 0 0 1 0 1
0 0 0 1 0 0 1 0 0 0 1 0 1 0 0 0 0 1 0 0 2 1 0 0 0 0 1 1 1 0 2 0 1 1 0 0 0 0 1 0 2 1 1 0 1 0 1 0 13 9 2 1 1 1 0 0 0 1 1 0 2 1 1 0 0 0 0 1 1 0 2 0 1 1 0 0 1 1 1 1 2 0 0 1 0 1 0 1 1 0 2 1 0 0 1 1 0 1 0 0
0 0 0 1 0 0 0 0 0 1 1 1 0 0 0 0 0 1 0 1 2 1 1 1 0 0 0 0 0 0 2 1 1 1 1 0 1 0 1 0 2 1 0 0 0 1 1 0 0 13 15 14 1 0 0 1 0 0 1 0 2 0 1 1 1 1 0 1 1 1 2 0 1 1 1 0 0 0 1 1 2 0 0 1 0 1 0 0 1 0 2 0 1 0 0 0 1 0 0 0
1 0 1 0 0 1 0 1 1 1 1 0 1 0 1 1 0 1 0 0 2 0 1 0 0 0 0 1 1 0 2 0 1 0 1 0 0 0 0 1 2 0 1 0 1 0 1 1 1 0 2 13 15 14 1 1 0 0 0 0 2 1 1 1 1 0 0 1 0 1 2 0 0 1 0 1 1 1 1 1 2 1 1 1 1 1 0 0 1 0 2 0 1 0 1 1 0 0 0 0
0 1 1 1 1 1 0 0 1 0 1 1 1 0 0 0 0 0 1 0 2 1 1 1 1 1 0 1 1 1 2 0 1 0 0 1 0 0 1 0 2 0 0 0 0 0 1 1 0 1 2 0 1 1 0 0 0 0 0 0 2 0 0 1 0 1 0 1 1 0 2 1 0 0 1 1 0 1 0 0 2 1 0 1 0 0 0 0 1 0 2 0 1 0 0 0 0 1 0 1
0 0 1 0 0 0 1 0 1 1 0 0 0 0 1 1 0 1 1 1 2 1 0 1 1 1 0 1 0 1 2 0 1 1 0 0 1 0 0 1 2 1 0 0 0 0 1 0 0 1 2 1 1 0 1 0 1 0 1 0 2 0 0 1 0 0 1 1 1 0 2 0 0 1 0 0 0 1 0 0 2 0 0 0 1 1 0 0 1 0 2 0 1 1 0 1 0 1 0 1
2 2 2 2 2 2 2 2 2 2 2 2 2 2 2 2 2 2 2 2 2 2 2 2 2 2 2 2 2 2 2 2 2 2 2 2 2 2 2 2 2 2 2 2 2 2 2 2 2 2 2 2 2 2 2 2 2 2 2 2 2 2 2 2 2 2 2 2 2 2 2 2 2 2 2 2 2 2 2 2 2 2 2 2 2 2 2 2 2 2 2 2 2 2 2 2 2 2 2 2
0 1 1 1 1 0 0 1 1 0 0 1 0 1 1 1 0 1 0 1 2 0 1 0 1 0 1 1 0 0 2 1 1 1 0 0 0 1 1 0 2 0 1 0 0 1 1 0 0 1 2 0 0 0 0 0 1 1 0 1 2 0 0 0 0 0 0 0 0 0 2 0 1 0 1 1 1 0 1 1 2 1 0 0 0 1 1 0 1 0 2 1 1 0 1 0 0 1 0 0
1 1 0 1 0 0 0 0 0 1 1 0 1 0 1 1 1 1 0 1 2 1 1 1 0 1 1 1 0 1 2 1 0 1 0 0 0 1 1 1 2 1 1 1 0 1 0 0 1 1 2 1 1 0 0 1 0 0 1 1 2 1 1 1 1 0 0 1 1 0 2 1 0 1 1 0 1 1 1 1 2 0 0 0 1 1 1 1 1 0 2 0 1 1 1 0 0 0 0 1
0 1 0 0 0 1 0 0 0 1 1 0 1 0 0 1 1 1 0 1 2 0 0 1 1 0 0 0 1 1 2 0 0 0 0 0 0 0 0 1 2 1 1 0 1 1 0 1 0 0 2 1 0 0 0 0 1 0 0 1 2 0 1 0 0 0 0 1 1 1 2 1 1 0 0 0 1 0 0 1 2 0 1 1 0 0 1 1 1 1 2 1 0 1 1 0 0 1 0 1
1 0 0 1 0 0 1 0 0 0 0 0 0 0 1 0 1 1 1 1 2 0 0 1 0 0 1 1 1 0 2 1 1 0 0 0 0 0 1 0 2 0 0 0 0 1 1 1 1 1 2 0 0 1 1 1 0 1 1 1 2 0 1 1 1 1 0 1 0 0 2 1 1 0 1 1 1 0 1 0 2 0 0 1 1 1 1 1 1 1 2 0 0 0 1 1 1 1 0 0
0 0 1 1 0 1 0 0 0 0 0 0 0 0 1 0 1 0 0 0 2 0 1 1 1 1 0 0 0 0 2 0 0 1 1 1 0 0 1 1 2 0 1 1 1 1 1 0 0 0 2 0 1 1 1 0 0 1 1 1 2 0 1 0 1 1 0 1 1 0 2 0 0 1 0 1 1 0 0 1 2 1 1 1 1 1 1 0 0 1 2 0 0 1 0 0 0 1 1 1
1 1 0 1 1 0 1 0 0 0 0 0 0 0 1 1 0 1 0 0 2 0 0 0 0 1 1 1 1 0 2 0 1 1 0 1 0 1 0 0 2 0 1 0 1 1 1 1 0 0 2 0 1 0 0 0 0 0 1 0 2 1 1 1 0 1 0 1 0 0 2 1 0 0 1 1 1 1 0 1 2 1 0 1 1 0 1 1 0 0 2 0 0 1 1 1 0 1 0 1
1 1 1 0 0 1 0 0 0 0 0 0 0 0 1 0 1 0 0 0 2 1 0 0 0 1 1 0 1 1 2 0 1 0 0 1 0 0 1 0 2 1 0 1 0 1 1 1 1 0 2 0 0 0 1 1 1 1 0 1 2 1 1 1 1 1 0 1 0 0 2 0 0 1 0 1 0 1 1 0 2 0 1 0 1 0 1 1 0 1 2 0 0 1 0 0 1 1 1 0
0 1 0 1 1 1 1 0 0 0 0 0 0 0 0 1 1 1 0 1 2 0 1 1 0 0 0 1 1 0 2 1 1 0 0 1 1 1 1 1 2 0 0 1 0 0 1 1 1 1 2 0 1 1 1 0 0 0 1 1 2 0 0 1 0 1 0 0 0 1 2 0 0 1 0 1 1 0 0 0 2 1 1 0 0 0 1 1 0 1 2 1 0 0 0 0 0 0 1 1
1 1 1 1 1 0 1 0 0 0 0 0 0 0 0 1 1 0 1 1 2 1 0 0 0 0 1 0 1 0 2 0 1 0 0 1 1 1 0 0 2 1 0 1 0 0 0 1 1 1 2 1 0 1 1 1 1 1 0 1 2 0 1 1 0 1 1 1 0 1 2 0 1 1 1 0 1 1 0 1 2 0 1 0 1 1 0 0 0 0 2 1 0 0 1 1 1 0 1 0
2 2 2 2 2 2 2 0 0 0 0 0 0 0 2 2 2 2 2 2 2 2 2 2 2 2 2 2 2 2 2 2 2 2 2 2 2 2 2 2 2 2 2 2 2 2 2 2 2 2 2 2 2 2 2 2 2 2 2 2 2 2 2 2 2 2 2 2 2 2 2 2 2 2 2 2 2 2 2 2 2 2 2 2 2 2 2 2 2 2 2 2 2 2 2 2 2 2 2 2
0 1 1 1 0 1 1 1 0 0 0 0 0 1 1 1 1 1 1 0 2 0 0 1 0 1 1 1 0 0 2 0 0 1 0 0 1 1 1 0 2 1 1 1 0 1 1 0 1 1 2 1 0 1 1 0 0 1 0 0 2 1 1 1 1 1 1 0 0 1 2 0 0 0 0 1 0 1 1 1 2 1 1 1 0 1 0 0 0 0 2 1 1 0 1 0 0 0 1 1
0 1 0 0 0 1 1 1 0 0 0 0 0 1 1 0 0 1 0 0 2 0 0 1 0 1 1 0 0 1 2 1 1 0 1 1 0 0 0 0 2 1 1 0 1 0 1 1 0 1 2 0 1 1 0 0 1 1 1 0 2 0 1 1 0 1 0 1 0 1 2 1 0 1 0 0 1 1 1 1 2 1 0 1 0 0 0 0 1 1 2 1 1 0 0 1 1 1 0 0
0 1 0 0 0 0 0 1 0 0 0 0 0 0 1 1 1 1 1 1 2 0 1 1 0 1 1 1 0 1 2 0 0 1 1 1 1 0 0 0 2 1 1 1 0 0 1 1 1 0 2 0 1 1 0 1 1 0 1 1 2 0 0 0 0 1 1 1 1 0 2 1 0 1 1 0 0 0 1 0 2 1 0 0 1 1 1 0 1 0 2 1 0 0 0 1 0 0 1 0
0 0 1 1 0 1 0 0 0 0 0 0 0 0 0 1 1 0 1 1 2 1 0 1 0 1 1 1 0 0 2 0 0 1 0 0 1 1 1 0 2 0 0 1 0 0 0 1 0 1 2 0 0 1 0 1 1 0 1 1 2 1 1 0 0 0 0 0 1 1 2 1 1 1 1 0 0 1 1 0 2 0 1 0 1 1 1 1 0 0 2 0 0 1 1 1 1 0 1 0
0 1 0 0 0 1 0 0 0 0 0 0 0 0 0 0 1 0 0 0 2 1 0 0 1 0 0 1 1 1 2 1 0 0 1 0 0 1 0 0 2 0 0 0 0 1 1 0 1 0 2 1 1 0 1 0 0 0 0 0 2 0 1 1 0 1 0 1 0 1 2 1 0 1 1 0 1 0 1 0 2 0 0 0 0 0 0 0 1 1 2 1 1 1 0 1 0 1 0 1
0 0 0 1 1 1 0 1 0 0 0 0 0 1 1 1 0 1 0 1 2 1 1 1 1 1 0 0 1 1 2 1 1 0 1 1 0 1 1 1 2 0 0 1 1 1 1 0 0 1 2 1 0 1 0 1 1 1 1 0 2 1 1 1 0 1 0 0 1 0 2 0 0 0 1 1 0 0 1 0 2 1 0 0 0 1 0 0 0 1 2 0 1 0 0 0 0 1 1 1
0 1 0 1 1 0 1 1 1 0 0 0 1 1 0 1 0 1 0 0 2 0 1 1 1 1 1 0 1 1 2 0 0 1 1 1 1 1 0 1 2 0 1 3 4 5 1 0 1 1 2 1 1 1 1 1 1 1 0 0 2 1 1 0 0 1 1 0 1 1 2 1 0 0 1 1 1 0 0 1 2 0 1 1 1 0 0 1 1 1 2 0 0 1 1 1 0 0 1 0
0 1 0 1 0 1 1 1 1 0 1 1 1 0 1 1 1 0 0 0 2 1 0 1 1 1 0 0 0 0 2 1 0 0 1 0 0 1 0 1 2 1 1 13 15 14 0 0 0 1 2 1 0 1 1 0 0 1 1 1 2 1 1 0 0 0 1 1 0 0 2 1 1 1 0 1 0 1 1 0 2 1 0 1 1 1 1 1 1 1 2 0 0 1 0 1 1 1 1 0
1 1 1 1 1 0 1 0 0 0 1 0 1 1 1 1 0 0 1 1 2 0 1 1 1 1 1 1 1 0 2 0 0 1 1 1 0 0 0 1 2 1 0 0 0 13 9 1 1 0 2 0 1 1 0 0 0 1 0 0 2 1 0 1 1 1 0 0 1 0 2 0 0 0 1 0 1 0 0 0 2 1 0 0 1 1 0 1 1 1 2 1 0 1 1 0 0 0 0 0
2 2 2 2 2 2 2 2 2 2 2 2 2 2 2 2 2 2 2 2 2 2 2 2 2 2 2 2 2 2 2 2 2 2 2 2 2 2 2 2 2 2 2 2 2 2 13 15 14 2 2 2 2 2 2 2 2 2 2 2 2 2 2 2 2 2 2 2 2 2 2 2 2 2 2 2 2 2 2 2 2 2 2 2 2 2 2 2 2 2 2 2 2 2 2 2 2 2 2 2
0 0 0 1 1 1 1 1 1 0 1 1 0 0 1 0 1 0 0 1 2 0 1 1 1 0 1 1 1 1 2 1 0 1 1 0 1 0 1 0 2 1 1 0 1 1 1 1 13 15 14 0 0 0 0 0 1 1 0 0 2 0 0 0 1 1 0 1 1 1 2 1 1 1 0 1 1 1 1 0 2 1 1 1 0 1 0 0 1 1 2 0 0 0 0 1 1 1 0 1
1 0 0 0 1 0 1 1 0 0 0 1 1 0 0 0 0 0 0 0 2 1 0 1 1 1 1 1 1 0 2 1 1 0 1 0 1 1 0 1 2 0 1 0 0 0 0 0 0 0 13 9 1 0 1 0 1 1 0 1 2 1 1 0 0 0 0 0 0 1 2 0 0 0 1 0 0 0 0 1 2 0 1 1 1 1 1 1 1 1 2 1 0 1 0 0 0 0 1 0
1 0 0 0 1 0 1 0 0 0 0 1 0 0 0 1 0 1 0 0 2 0 0 0 1 1 1 0 0 0 2 0 1 0 0 0 1 1 0 0 2 1 1 1 1 1 0 0 0 0 2 13 9 1 1 1 1 1 1 0 2 0 0 0 0 1 0 1 1 1 2 0 0 0 0 1 0 1 0 1 2 1 0 1 1 1 0 1 0 1 2 1 1 1 1 0 1 0 1 0
1 1 0 1 1 0 1 1 0 1 0 0 0 1 0 1 1 0 1 0 2 1 0 0 1 1 0 1 1 0 2 0 0 0 1 0 1 0 0 0 2 1 0 1 1 1 1 1 1 0 2 0 13 15 14 1 0 1 0 1 2 1 1 1 1 0 0 1 0 1 2 1 0 1 1 0 0 0 0 0 2 1 1 1 0 1 1 0 1 1 2 1 0 1 0 0 0 0 0 0
1 0 0 0 1 0 0 0 1 0 1 0 1 1 1 0 1 0 1 0 2 1 1 0 0 1 0 1 0 1 2 1 0 0 1 0 0 0 1 1 2 0 0 0 1 0 1 0 0 0 2 0 0 0 13 9 1 0 1 0 2 1 1 1 0 0 1 0 0 0 2 0 0 0 1 0 1 1 1 1 2 0 0 1 1 0 0 1 1 1 2 0 1 0 0 0 0 0 0 0
0 0 0 0 1 0 1 0 1 1 1 1 0 0 0 1 1 0 1 0 2 1 1 0 0 0 1 1 1 0 2 0 0 0 0 0 0 0 0 1 2 0 0 1 0 1 1 1 1 0 2 1 1 0 1 13 15 14 0 0 2 0 1 1 1 1 1 0 0 0 2 1 1 0 0 0 1 1 1 1 2 0 1 0 1 1 0 0 0 1 2 0 1 1 0 1 1 1 0 0
0 0 0 0 0 1 0 0 1 1 1 0 0 1 0 0 0 1 1 0 2 0 1 0 1 1 0 1 1 1 2 1 0 1 1 0 0 0 0 0 2 0 0 1 0 0 1 1 1 1 2 1 0 1 1 0 1 13 15 14 2 0 0 1 0 1 1 1 0 1 2 1 1 1 1 0 0 0 0 0 2 1 1 1 0 0 1 0 1 0 2 0 1 0 0 1 0 0 0 1
1 1 1 1 1 0 0 1 1 0 1 1 0 0 1 0 1 0 0 1 2 1 1 0 1 0 0 1 1 1 2 1 0 0 1 1 1 0 0 1 2 0 1 1 1 1 1 0 0 0 2 1 1 0 0 0 0 1 1 13 15 14 0 1 1 0 1 1 1 1 2 0 0 1 0 0 1 0 0 0 2 1 1 0 0 0 1 0 0 1 2 0 1 0 1 1 0 1 0 1
1 0 1 0 1 1 1 0 1 0 1 1 1 1 1 1 1 1 0 0 2 1 0 1 1 1 0 0 1 0 2 0 0 1 1 0 0 0 0 0 2 1 0 0 0 1 1 0 1 1 2 0 0 1 0 0 0 0 0 1 2 13 9 0 1 0 0 1 1 0 2 0 1 1 1 0 0 0 1 0 2 1 1 0 0 0 0 1 1 0 2 1 0 0 1 0 1 1 1 1
2 2 2 2 2 2 2 2 2 2 2 2 2 2 2 2 2 2 2 2 2 2 2 2 2 2 2 2 2 2 2 2 2 2 2 2 2 2 2 2 2 2 2 2 2 2 2 2 2 2 2 2 2 2 2 2 2 2 2 2 2 2 13 15 14 2 2 2 2 2 2 2 2 2 2 2 2 2 2 2 2 2 2 2 2 2 2 2 2 2 2 2 2 2 2 2 2 2 2 2
1 1 0 0 0 0 0 1 0 0 0 0 1 0 1 0 0 0 1 0 2 1 0 0 0 1 0 1 1 0 2 1 0 1 1 0 0 0 1 0 2 0 0 0 0 1 1 1 1 0 2 0 1 1 1 0 1 0 0 0 2 0 0 0 13 9 0 1 0 0 2 0 1 1 1 1 1 0 1 1 2 0 1 1 1 0 0 1 0 1 2 1 1 1 1 1 1 0 0 1
1 1 0 0 0 1 1 1 1 0 1 1 0 1 1 0 0 0 1 1 2 0 0 0 0 1 1 0 1 0 2 1 1 0 0 0 1 0 1 0 2 1 1 1 0 1 0 1 0 0 2 0 0 0 1 1 0 1 0 1 2 1 1 1 1 13 15 14 1 1 2 1 0 1 1 1 0 1 0 0 2 0 0 0 0 1 0 1 0 0 2 1 0 1 0 0 0 0 0 0
1 1 0 0 0 0 1 0 0 0 1 1 1 1 1 1 1 0 1 0 2 1 1 1 1 1 0 0 0 0 2 0 0 0 1 0 0 0 1 0 2 0 1 0 0 0 1 0 0 0 2 0 0 1 0 1 1 0 0 0 2 1 1 0 0 1 0 13 9 0 2 1 0 1 0 1 1 1 1 0 2 0 1 1 0 1 0 1 0 0 2 0 1 0 0 1 0 0 0 1
0 1 0 1 1 1 0 0 1 0 1 0 0 0 1 0 1 1 1 1 2 1 0 0 1 0 0 0 0 0 2 1 0 1 1 0 0 0 0 1 2 0 0 0 0 1 1 1 1 1 2 0 0 0 1 1 0 1 0 0 2 0 0 0 0 0 1 1 13 15 14 0 0 1 1 0 1 0 1 1 2 0 0 1 0 1 0 0 0 0 2 1 1 1 0 0 0 1 1 0
0 0 0 1 0 0 0 0 0 0 1 0 1 0 0 1 1 1 1 1 2 0 1 0 0 1 1 1 1 1 2 1 0 0 1 0 1 0 0 0 2 1 1 1 1 0 1 1 0 0 2 1 0 1 1 0 0 0 1 0 2 0 0 1 1 1 0 1 0 0 13 9 1 0 0 0 0 1 1 1 2 1 1 0 0 0 1 0 0 1 2 0 0 1 1 1 0 0 0 1
1 0 0 0 0 1 0 0 0 1 0 0 1 0 1 1 1 0 0 0 2 1 1 0 1 0 1 0 0 1 2 0 1 0 0 1 1 0 1 1 2 1 0 1 1 1 0 1 0 1 2 0 1 0 0 1 0 0 1 0 2 1 1 0 1 1 1 0 0 1 2 14 0 1 1 0 0 1 1 1 2 0 1 1 1 0 1 1 0 1 2 0 0 1 0 0 0 1 1 0
0 1 1 1 1 1 0 1 1 1 1 0 0 1 0 0 1 1 1 1 2 1 1 0 0 0 0 0 0 0 2 0 0 0 1 0 0 1 1 1 2 1 0 1 1 0 0 1 1 1 2 1 0 0 0 0 0 0 0 0 2 0 1 1 0 0 0 0 0 1 2 1 1 0 1 0 1 0 1 1 2 0 0 0 0 1 0 0 0 1 2 1 0 0 1 1 0 1 1 1
0 0 0 0 1 1 0 0 1 0 0 0 0 1 1 1 0 1 0 0 2 1 1 1 1 1 1 1 1 1 2 1 0 1 1 0 1 1 1 1 2 0 1 1 0 0 1 1 0 0 2 1 1 0 0 1 1 0 1 1 2 0 0 0 0 1 1 0 0 0 2 0 0 1 1 1 1 1 0 0 2 0 0 1 0 1 1 1 0 1 2 0 1 1 1 1 1 0 0 1
1 1 1 1 1 0 1 1 0 1 1 0 0 1 1 0 0 1 1 0 2 0 1 1 1 1 1 0 0 1 2 0 1 0 0 1 0 0 0 1 2 1 1 1 1 1 0 0 0 1 2 0 1 1 1 1 1 1 1 0 2 1 0 0 0 1 1 0 0 1 2 1 0 0 0 1 0 1 1 1 2 1 1 1 0 1 0 1 0 0 2 0 0 1 1 1 1 0 1 1
2 2 2 2 2 2 2 2 2 2 2 2 2 2 2 2 2 2 2 2 2 2 2 2 2 2 2 2 2 2 2 2 2 2 2 2 2 2 2 2 2 2 2 2 2 2 2 2 2 2 2 2 2 2 2 2 2 2 2 2 2 2 2 2 2 2 2 2 2 2 2 2 2 2 2 2 2 2 2 2 2 2 2 2 2 2 2 2 2 2 2 2 2 2 2 2 2 2 2 2
0 1 0 1 0 1 0 0 1 0 0 0 0 0 0 0 0 1 1 0 2 1 1 0 0 1 1 0 0 1 2 1 0 0 0 1 0 0 0 0 2 0 1 0 0 1 1 0 0 0 2 1 1 0 0 0 1 1 0 0 2 1 1 0 0 1 1 1 1 1 2 0 1 1 0 1 1 1 1 0 2 1 0 0 1 0 0 0 1 1 2 1 0 1 1 1 0 0 1 0
0 0 1 1 1 0 0 1 0 1 0 1 0 0 1 0 1 0 0 0 2 0 1 1 1 1 1 0 0 0 2 0 1 0 0 1 0 1 1 1 2 1 1 0 0 1 0 0 0 1 2 1 0 0 0 1 1 1 1 0 2 0 1 0 1 1 0 1 0 1 2 0 1 1 0 1 1 0 1 1 2 0 0 1 0 0 1 0 1 0 2 1 0 0 1 0 1 0 0 1
1 0 0 1 1 0 0 0 0 0 0 1 1 1 0 1 0 0 1 0 2 0 1 0 1 1 1 1 1 1 2 1 1 1 0 0 1 0 1 0 2 1 1 1 0 0 1 1 0 1 2 1 0 1 0 1 0 0 1 0 2 1 0 0 1 0 0 1 1 0 2 0 0 1 1 1 0 0 0 1 2 1 1 1 1 0 0 0 1 1 2 0 1 1 0 0 1 0 0 0
1 0 0 1 1 0 0 1 1 1 1 1 0 1 1 1 1 1 1 1 2 0 1 1 1 0 1 1 1 1 2 0 0 0 0 0 1 0 1 0 2 1 0 1 0 0 1 0 0 0 2 0 0 1 0 1 0 0 1 1 2 1 1 0 1 0 1 0 0 1 2 0 1 1 1 0 1 1 1 0 2 1 1 1 0 0 0 1 1 1 2 1 0 0 0 0 1 1 1 0
1 1 1 0 0 0 0 1 0 1 0 1 1 1 0 1 1 0 0 0 2 1 0 1 0 1 0 1 1 0 2 0 1 1 0 1 1 0 1 0 2 0 0 1 1 1 0 0 1 1 2 0 0 0 1 1 0 1 1 0 2 0 1 1 0 0 0 0 1 1 2 0 0 1 0 0 1 1 0 0 2 1 0 1 0 0 0 1 1 0 2 1 0 0 1 1 1 1 0 1
0 0 0 0 0 1 1 1 0 1 1 0 1 1 1 0 0 1 1 0 2 1 1 1 1 0 1 0 0 0 2 0 1 0 0 0 0 1 1 1 2 1 1 0 1 1 1 0 1 0 2 1 1 0 1 1 1 0 0 1 2 0 1 1 0 1 0 1 0 1 2 0 0 0 0 0 0 0 1 1 2 1 0 0 0 0 0 1 0 1 2 0 1 0 0 1 0 1 1 1
0 0 1 1 0 1 1 0 0 0 0 1 0 0 1 0 1 1 0 1 2 0 1 1 1 1 1 1 1 1 2 1 1 1 0 0 1 0 0 1 2 0 0 0 1 1 0 0 0 0 2 0 1 1 1 0 0 0 0 0 2 0 1 0 0 0 0 1 1 1 2 0 1 0 1 0 0 0 1 0 2 1 0 0 0 1 0 0 0 0 2 1 1 1 1 1 1 1 1 1
1 0 0 0 1 0 0 0 1 1 1 1 0 1 1 1 0 1 1 0 2 1 1 0 1 1 1 0 1 1 2 1 0 0 0 0 0 1 0 0 2 1 0 1 1 1 1 1 0 0 2 0 0 1 0 1 0 1 1 1 2 0 0 0 0 0 0 1 1 1 2 1 0 1 0 0 0 1 0 1 2 0 1 1 1 0 0 0 1 0 2 1 1 1 0 0 0 0 1 1
0 1 0 0 1 0 1 1 0 0 1 1 0 0 0 0 1 1 1 0 2 0 0 0 1 1 1 0 1 1 2 1 1 0 1 1 1 1 0 0 2 1 0 1 0 1 1 0 0 0 2 0 1 1 1 1 0 0 1 0 2 0 0 1 0 1 1 0 1 0 2 1 1 1 1 1 0 1 0 0 2 0 1 1 1 0 0 0 0 1 2 0 1 0 0 0 0 1 1 1
